C 1 1 1 3 0
B 0.8 0.45 0.1
L 54 465 450 465 0 0 0
L 450 465 450 55 0 0 0
L 450 55 54 55 0 0 0
L 54 55 54 465 0 0 0
L 575 465 955 465 0 0 0
L 955 465 955 55 0 0 0
L 955 55 575 55 0 0 0
L 575 55 575 465 0 0 0
C 1 1 1 2 0
L 100 420 390 420 0 0 0
L 390 420 390 100 0 0 0
L 390 100 100 100 0 0 0
L 100 100 100 420 0 0 0
L 625 420 900 420 0 0 0
L 900 420 900 100 0 0 0
L 900 100 625 100 0 0 0
L 625 100 625 420 0 0 0
L 150 420 150 100 0 0 0
L 340 420 340 100 0 0 0
L 675 420 675 100 0 0 0
L 850 420 850 100 0 0 0
L 100 310 390 310 0 0 0
L 625 310 900 310 0 0 0
L 100 210 390 210 0 0 0
L 625 210 900 210 0 0 0
C 1 1 1 2 0
L 245 420 245 310 0 0 0
L 245 210 245 100 0 0 0
L 763 420 763 310 0 0 0
L 763 210 763 100 0 0 0
L 100 385 390 385 0 0 0
L 625 385 900 385 0 0 0
L 100 140 390 140 0 0 0
L 625 140 900 140 0 0 0
C 1 1 0 2 0
L 100 260 390 260 0 0 0
L 625 260 900 260 0 0 0
F 0.236 0.7 0.44 133 399 
F 0.236 0.7 0.44 133 373 
F 0.236 0.7 0.44 171 362 
F 0.236 0.7 0.44 183 397 
F 0.236 0.7 0.44 290 402 
F 0.236 0.7 0.44 299 363 
F 0.236 0.7 0.44 354 354 
F 0.236 0.7 0.44 355 404 
F 0.236 0.7 0.44 278 289 
F 0.236 0.7 0.44 136 291 
F 0.236 0.7 0.44 136 246 
F 0.236 0.7 0.44 172 235 
F 0.236 0.7 0.44 377 246 
F 0.236 0.7 0.44 374 281 
F 0.236 0.7 0.44 315 186 
F 0.236 0.7 0.44 215 176 
F 0.236 0.7 0.44 120 178 
F 0.236 0.7 0.44 125 122 
F 0.236 0.7 0.44 177 125 
F 0.236 0.7 0.44 277 120 
F 0.236 0.7 0.44 357 122 
F 0.236 0.7 0.44 357 176 
F 0.236 0.7 0.44 668 407 
F 0.236 0.7 0.44 708 404 
F 0.236 0.7 0.44 793 400 
F 0.236 0.7 0.44 870 402 
F 0.236 0.7 0.44 870 360 
F 0.236 0.7 0.44 810 351 
F 0.236 0.7 0.44 727 351 
F 0.236 0.7 0.44 653 350 
F 0.236 0.7 0.44 650 294 
F 0.236 0.7 0.44 650 235 
F 0.236 0.7 0.44 728 234 
F 0.236 0.7 0.44 729 281 
F 0.236 0.7 0.44 867 286 
F 0.236 0.7 0.44 872 236 
F 0.236 0.7 0.44 872 176 
F 0.236 0.7 0.44 821 176 
F 0.236 0.7 0.44 733 178 
F 0.236 0.7 0.44 650 177 
F 0.236 0.7 0.44 650 123 
F 0.236 0.7 0.44 711 120 
F 0.236 0.7 0.44 813 120 
F 0.236 0.7 0.44 861 118 
C 0.196 0 1 5 0
L 125 600 125 500 0 0 0
L 125 600 195 600 0 0 0
L 195 600 195 555 0 0 0
L 195 555 125 555 0 0 0
L 145 555 195 500 0 0 0
C 1 1 0 5 0
L 215 600 305 600 0 0 0
L 260 600 260 500 0 0 0
L 215 500 305 500 0 0 0
C 0 0.5 0 5 0
L 325 600 325 500 0 0 0
L 325 500 385 500 0 0 0
L 385 500 385 600 0 0 0
L 385 600 325 600 0 0 0
C 0.196 0 1 5 0
L 630 600 705 600 0 0 0
L 705 600 705 550 0 0 0
L 705 550 630 550 0 0 0
L 630 550 630 500 0 0 0
L 630 500 705 500 0 0 0
C 1 1 0 5 0
L 725 600 725 500 0 0 0
L 725 500 785 500 0 0 0
L 785 500 785 600 0 0 0
L 785 600 725 600 0 0 0
C 1 1 1 5 0
L 805 600 805 500 0 0 0
C 0 0.5 0 5 0
L 895 600 835 600 0 0 0
L 835 600 835 550 0 0 0
L 835 550 895 550 0 0 0
L 895 550 895 500 0 0 0
L 895 500 835 500 0 0 0
L 835 500 835 550 0 0 0
C 1 1 1 3 0
L 475 600 555 600 0 0 0
L 555 600 555 500 0 0 0
L 475 600 475 500 0 0 0
L 475 500 555 500 0 0 0
L 510 500 510 400 0 0 0
L 513 500 513 400 0 0 0
L 516 500 516 400 0 0 0
L 520 500 520 400 0 0 0
L 520 400 510 400 0 0 0
C 1 1 1 1 0
L 545 600 545 500 0 0 0
L 535 600 535 500 0 0 0
L 525 600 525 500 0 0 0
L 515 600 515 500 0 0 0
L 505 600 505 500 0 0 0
L 495 600 495 500 0 0 0
L 485 600 485 500 0 0 0
L 475 590 550 590 0 0 0
L 475 580 550 580 0 0 0
L 475 570 550 570 0 0 0
L 475 560 550 560 0 0 0
L 475 550 550 550 0 0 0
L 475 540 550 540 0 0 0
L 475 530 550 530 0 0 0
L 475 520 550 520 0 0 0
L 475 510 550 510 0 0 0
