30 0 0 1 2 0 0 0 1 -1 0 0 1
-80 0 0 1 2 0 0 0 1 -1 0 0 1
-80 61 0 1 2 -0.398791 0 -0.294826 1 -0.272836 0 -0.962061 1
-80 125 0 1 2 -0.201389 0 -0.772192 1 0.882795 0 -0.469759 1
-80 175 0 1 2 0.214571 0 -0.75934 1 0.840813 0 0.541325 1
-80 230 0 1 2 0.401774 0 -0.346619 1 -0.167555 0 0.985863 1
-80 296 0 1 2 0.000776368 0 -8.8278e-06 1 -0.999998 0 0.00188742 1
-14 296 0 1 2 0.000776368 0 -8.8278e-06 1 -0.999998 0 0.00188742 1
-14 343 0 1 2 -0.40925 0 -0.00856388 1 -0.999006 0 -0.0445852 1
-14 343 0 1 2 -0.40925 0 -0.00856388 1 -0.999006 0 -0.0445852 1
-80 343 0 1 2 -0.40925 0 -0.00856388 1 -0.999006 0 -0.0445852 1
-80 6 0 1 2 -0.600349 0 -0.0631071 1 -0.861452 0 -0.507838 1
-80 44 0 1 2 -0.794499 0 -0.320877 1 -0.229671 0 -0.973268 1
-80 73 0 1 2 -0.778232 0 -0.569448 1 0.374315 0 -0.927302 1
-80 111 0 1 2 -0.552144 0 -0.799717 1 0.928384 0 -0.371622 1
-80 148 0 1 2 -0.237482 0 -0.799334 1 0.919336 0 0.393473 1
-80 168 0 1 2 -0.0950995 0 -0.700666 1 0.675747 0 0.737133 1
-33 168 0 1 2 -0.0950995 0 -0.700666 1 0.675747 0 0.737133 1
-33 223 0 1 2 0.203636 0 -0.325513 1 0.564984 0 0.825102 1
-33 260 0 1 2 0.373463 0 -0.0510399 1 0.483968 0 0.875086 1
